2022001 2022-01-02 06 13 15 17 20 21 03
2022002 2022-01-04 02 12 21 23 25 31 08
2022003 2022-01-06 02 05 16 17 18 30 06
2022004 2022-01-09 05 19 24 28 30 32 14
2022005 2022-01-11 07 10 12 16 19 31 16
2022006 2022-01-13 03 06 09 15 22 31 02
2022007 2022-01-16 01 20 22 23 25 28 16
2022008 2022-01-18 02 03 07 09 20 21 13
2022009 2022-01-20 04 15 17 19 25 28 16
2022010 2022-01-23 12 18 19 20 21 32 15
2022011 2022-01-25 06 15 23 24 25 33 15
2022012 2022-01-27 04 07 08 29 30 31 01
2022013 2022-02-08 02 03 04 07 10 18 15
2022014 2022-02-10 06 07 13 14 15 27 04
2022015 2022-02-13 06 14 16 27 28 31 07
2022016 2022-02-15 05 10 19 20 29 31 14
2022017 2022-02-17 06 09 24 29 30 32 07
2022018 2022-02-20 07 11 16 17 30 32 16
2022019 2022-02-22 05 06 14 20 21 25 08
2022020 2022-02-24 09 11 14 22 30 32 01
2022021 2022-02-27 03 07 22 24 26 31 14
2022022 2022-03-01 01 07 11 15 17 19 06
2022023 2022-03-03 07 12 17 19 24 25 02
2022024 2022-03-06 07 09 10 14 19 24 15
2022025 2022-03-08 06 19 24 25 28 32 04
2022026 2022-03-10 03 04 10 15 22 24 02
2022027 2022-03-13 14 15 18 19 26 32 09
2022028 2022-03-15 05 11 20 22 23 29 09
2022029 2022-03-17 03 08 10 13 26 32 08
2022030 2022-03-20 12 23 24 26 27 30 05
2022031 2022-03-22 01 10 11 22 26 32 07
2022032 2022-03-24 04 10 11 14 23 32 07
2022033 2022-03-27 05 12 19 22 25 26 05
2022034 2022-03-29 14 17 26 31 32 33 10
2022035 2022-03-31 08 12 13 19 23 25 15
2022036 2022-04-03 02 03 14 16 26 31 02
2022037 2022-04-05 01 10 13 20 22 32 14
2022038 2022-04-07 09 12 13 16 24 32 04
2022039 2022-04-10 02 06 07 10 15 20 05
2022040 2022-04-12 03 12 14 16 31 33 12
2022041 2022-04-14 05 07 21 22 24 29 14
2022042 2022-04-17 05 10 11 21 22 30 13
2022043 2022-04-19 02 17 20 23 25 27 08
2022044 2022-04-21 01 07 08 21 23 29 06
2022045 2022-04-24 03 12 17 18 19 28 04
2022046 2022-04-26 02 11 24 25 27 30 14
2022047 2022-04-28 03 07 08 14 27 30 09
2022048 2022-05-01 05 07 17 20 26 31 14
2022049 2022-05-03 02 04 07 18 25 26 10
2022050 2022-05-05 03 05 08 14 27 33 08
2022051 2022-05-08 02 05 11 17 21 33 01
2022052 2022-05-10 07 24 27 29 31 32 15
2022053 2022-05-12 10 14 18 23 27 33 15
2022054 2022-05-15 08 12 21 27 28 33 11
2022055 2022-05-17 02 04 09 26 28 33 03
2022056 2022-05-19 01 06 11 14 17 26 15
2022057 2022-05-22 12 15 20 26 30 33 16
2022058 2022-05-24 06 13 14 23 31 33 01
2022059 2022-05-26 06 09 18 19 29 33 06
2022060 2022-05-29 16 18 19 24 28 32 01
2022061 2022-05-31 01 03 16 18 29 33 06
2022062 2022-06-02 16 18 20 21 23 33 05
